12345678
 124578
 12
 1
 0 Sat Aug  1 16:38:00 2020
1256
 3695
 2
 6
 0 Sun Aug  2 16:40:49 2020
123
 1
 4
 2
 0 Thu Aug  6 21:14:01 2020
23
 12
 33
 1
 0 Thu Aug  6 21:15:08 2020
12345678
 124578
 12
 1
 0 Sat Aug  1 16:38:00 2020
1256
 3695
 2
 6
 0 Sun Aug  2 16:40:49 2020
123
 1
 4
 2
 0 Thu Aug  6 21:14:01 2020
23
 12
 33
 1
 0 Thu Aug  6 21:15:08 2020
12345678
 124578
 12
 1
 0 Sat Aug  1 16:38:00 2020
1256
 3695
 2
 6
 0 Sun Aug  2 16:40:49 2020
123
 1
 4
 2
 0 Thu Aug  6 21:14:01 2020
23
 12
 33
 1
 0 Thu Aug  6 21:15:08 2020
12345678
 124578
 12
 1
 0 Sat Aug  1 16:38:00 2020
1256
 3695
 2
 6
 0 Sun Aug  2 16:40:49 2020
123
 1
 4
 2
 0 Thu Aug  6 21:14:01 2020
23
 12
 33
 1
 0 Thu Aug  6 21:15:08 2020
12345678
 124578
 12
 1
 0 Sat Aug  1 16:38:00 2020
1256
 3695
 2
 6
 0 Sun Aug  2 16:40:49 2020
123
 1
 4
 2
 0 Thu Aug  6 21:14:01 2020
23
 12
 33
 1
 0 Thu Aug  6 21:15:08 2020
12345678
 124578
 12
 1
 0 Sat Aug  1 16:38:00 2020
1256
 3695
 2
 6
 0 Sun Aug  2 16:40:49 2020
123
 1
 4
 2
 0 Thu Aug  6 21:14:01 2020
23
 12
 33
 1
 0 Thu Aug  6 21:15:08 2020
12345678
 124578
 12
 1
 0 Sat Aug  1 16:38:00 2020
1256
 3695
 2
 6
 0 Sun Aug  2 16:40:49 2020
123
 1
 4
 2
 0 Thu Aug  6 21:14:01 2020
23
 12
 33
 1
 0 Thu Aug  6 21:15:08 2020
12345678
 124578
 12
 1
 0 Sat Aug  1 16:38:00 2020
1256
 3695
 2
 6
 0 Sun Aug  2 16:40:49 2020
123
 1
 4
 2
 0 Thu Aug  6 21:14:01 2020
23
 12
 33
 1
 0 Thu Aug  6 21:15:08 2020
12345678
 124578
 12
 1
 0 Sat Aug  1 16:38:00 2020
1256
 3695
 2
 6
 0 Sun Aug  2 16:40:49 2020
123
 1
 4
 2
 0 Thu Aug  6 21:14:01 2020
23
 12
 33
 1
 0 Thu Aug  6 21:15:08 2020
12345678
 124578
 12
 1
 0 Sat Aug  1 16:38:00 2020
1256
 3695
 2
 6
 0 Sun Aug  2 16:40:49 2020
123
 1
 4
 2
 0 Thu Aug  6 21:14:01 2020
23
 12
 33
 1
 0 Thu Aug  6 21:15:08 2020
12345678
 124578
 12
 1
 0 Sat Aug  1 16:38:00 2020
1256
 3695
 2
 6
 0 Sun Aug  2 16:40:49 2020
123
 1
 4
 2
 0 Thu Aug  6 21:14:01 2020
23
 12
 33
 1
 0 Thu Aug  6 21:15:08 2020
12345678
 124578
 12
 1
 0 Sat Aug  1 16:38:00 2020
1256
 3695
 2
 6
 0 Sun Aug  2 16:40:49 2020
123
 1
 4
 2
 0 Thu Aug  6 21:14:01 2020
23
 12
 33
 1
 0 Thu Aug  6 21:15:08 2020
12345678
 124578
 12
 1
 0 Sat Aug  1 16:38:00 2020
1256
 3695
 2
 6
 0 Sun Aug  2 16:40:49 2020
123
 1
 4
 2
 0 Thu Aug  6 21:14:01 2020
23
 12
 33
 1
 0 Thu Aug  6 21:15:08 2020
12345678
 124578
 12
 1
 0 Sat Aug  1 16:38:00 2020
1256
 3695
 2
 6
 0 Sun Aug  2 16:40:49 2020
123
 1
 4
 2
 0 Thu Aug  6 21:14:01 2020
23
 12
 33
 1
 0 Thu Aug  6 21:15:08 2020
12345678
 124578
 12
 1
 0 Sat Aug  1 16:38:00 2020
1256
 3695
 2
 6
 0 Sun Aug  2 16:40:49 2020
123
 1
 4
 2
 0 Thu Aug  6 21:14:01 2020
23
 12
 33
 1
 0 Thu Aug  6 21:15:08 2020
12345678
 124578
 12
 1
 0 Sat Aug  1 16:38:00 2020
1256
 3695
 2
 6
 0 Sun Aug  2 16:40:49 2020
123
 1
 4
 2
 0 Thu Aug  6 21:14:01 2020
23
 12
 33
 1
 0 Thu Aug  6 21:15:08 2020
12345678
 124578
 12
 1
 0 Sat Aug  1 16:38:00 2020
1256
 3695
 2
 6
 0 Sun Aug  2 16:40:49 2020
123
 1
 4
 2
 0 Thu Aug  6 21:14:01 2020
23
 12
 33
 1
 0 Thu Aug  6 21:15:08 2020
12345678
 124578
 12
 1
 0 Sat Aug  1 16:38:00 2020
1256
 3695
 2
 6
 0 Sun Aug  2 16:40:49 2020
123
 1
 4
 2
 0 Thu Aug  6 21:14:01 2020
23
 12
 33
 1
 0 Thu Aug  6 21:15:08 2020
12345678
 124578
 12
 1
 0 Sat Aug  1 16:38:00 2020
1256
 3695
 2
 6
 0 Sun Aug  2 16:40:49 2020
123
 1
 4
 2
 0 Thu Aug  6 21:14:01 2020
23
 12
 33
 1
 0 Thu Aug  6 21:15:08 2020
12345678
 124578
 12
 1
 0 Sat Aug  1 16:38:00 2020
1256
 3695
 2
 6
 0 Sun Aug  2 16:40:49 2020
123
 1
 4
 2
 0 Thu Aug  6 21:14:01 2020
23
 12
 33
 1
 0 Thu Aug  6 21:15:08 2020
